# format: this comment block at top
# one line for pattern name, starts with +
# one or more  lines (per channel) as lists of floats
# can vary length and number of channels
# the final line in one pattern is the duration.
# whitespace is ignored
# normalize to 1.0 for highest intensity. speed should be middle ground
# typically, channel one is main (spot) and 2/3 are Left/Right

# single channel (synchronized)
+ Square Pulse Sync
0.00 1.00
1.00 1.00
+ Exponential Wave Sync
0.00 0.30 0.60 0.85 0.95 1.00 0.95 0.85 0.80 0.65 0.50 0.35 0.25 0.20
0.60 0.25 0.25 0.25 0.25 0.25 0.25 0.25 0.30 0.35 0.35 0.35 0.35 0.30
+ Ramp Sync
0.00 0.05 0.10 0.15 0.20 0.25 0.30 0.35 0.40 0.45 0.50 0.55 0.60 0.65 0.70 0.75 0.80 0.83 0.89 0.92 1.00
0.50 0.15 0.12 0.12 0.10 0.10 0.10 0.10 0.10 0.10 0.10 0.10 0.10 0.10 0.10 0.10 0.12 0.13 0.14 0.15 0.13
+ Plateau Sync
0.00 0.05 0.10 0.15 0.20 0.25 0.30 0.35 0.40 0.45 0.50 0.55 0.60 0.65 0.70 0.75 0.80 1.00
0.75 0.10 0.10 0.10 0.10 0.10 0.10 0.10 0.10 0.10 0.10 0.10 0.10 0.10 0.10 0.10 0.12 2.50
+ Sine Sync
0.00 0.15 0.30 0.45 0.60 0.70 0.80 0.90 0.95 0.97 1.00 0.97 0.95 0.90 0.80 0.70 0.60 0.45 0.30 0.15
0.11 0.05 0.05 0.05 0.05 0.05 0.05 0.05 0.05 0.05 0.08 0.05 0.05 0.05 0.05 0.05 0.05 0.05 0.05 0.05
# 3-phase designs
+ Square Pulse Phases
1.00 0.00 0.00 1.00 1.00
0.00 0.00 1.00 1.00 1.00
0.00 1.00 1.00 0.00 0.00
0.30 0.30 0.30 0.30 0.30
+ Sine Phases
0.00 0.15 0.30 0.45 0.60 0.70 0.80 0.90 0.95 0.97 1.00 0.97 0.95 0.90 0.80 0.70 0.60 0.45 0.30 0.15
0.80 0.90 0.95 0.97 1.00 0.97 0.95 0.90 0.80 0.70 0.60 0.45 0.30 0.15 0.00 0.15 0.30 0.45 0.60 0.70
0.90 0.80 0.70 0.60 0.45 0.30 0.15 0.00 0.15 0.30 0.45 0.60 0.70 0.80 0.90 0.95 0.97 1.00 0.97 0.95
0.10 0.05 0.05 0.05 0.05 0.05 0.05 0.10 0.05 0.05 0.08 0.05 0.05 0.05 0.10 0.05 0.05 0.05 0.05 0.05
# choreographed